var countries = [{"code":"AD","name":"Andorra","groups":[{"code":"cat","name":"Catalan-Valencian-Balear","size":31000},{"code":"fra","name":"French","size":2400},{"code":"spa","name":"Spanish","size":24600}],"dist":[[0,75.45,72.12],[75.45,0,84.03],[72.12,84.03,0]]},{"code":"AE","name":"United Arab Emirates","groups":[{"code":"afb","name":"Arabic, Gulf Spoken","size":744000},{"code":"pes","name":"Farsi, Western","size":80000},{"code":"pbu","name":"Pashto, Northern","size":100000},{"code":"pbt","name":"Pashto, Southern","size":26100}],"dist":[[0,99.08,100.18,98.22],[99.08,0,85.01,81.27],[100.18,85.01,0,38.94],[98.22,81.27,38.94,0]]},{"code":"AF","name":"Afghanistan","groups":[{"code":"bgn","name":"Balochi, Western","size":200000},{"code":"brh","name":"Brahui","size":200000},{"code":"prs","name":"Farsi, Eastern","size":5600000},{"code":"bsh","name":"Kati","size":15000},{"code":"kmr","name":"Kurdish, Northern","size":200000},{"code":"pbt","name":"Pashto, Southern","size":1090000},{"code":"sgh","name":"Shughni","size":20000},{"code":"tuk","name":"Turkmen","size":500000}],"dist":[[0,93.67,71.66,94.02,72.73,85.88,81.09,98.19],[93.67,0,95.65,98.71,96.32,100.71,95.98,99.76],[71.66,95.65,0,92.92,74.05,80.88,69.2,95.87],[94.02,98.71,92.92,0,90.02,94.92,91.68,99.32],[72.73,96.32,74.05,90.02,0,84.77,85.19,96.24],[85.88,100.71,80.88,94.92,84.77,0,84.28,98.85],[81.09,95.98,69.2,91.68,85.19,84.28,0,95.66],[98.19,99.76,95.87,99.32,96.24,98.85,95.66,0]]},{"code":"AG","name":"Antigua and Barbuda","groups":[{"code":"eng","name":"English","size":9000}],"dist":[[0]]},{"code":"AI","name":"Anguilla","groups":[{"code":"eng","name":"English","size":950}],"dist":[[0]]},{"code":"AL","name":"Albania","groups":[{"code":"aln","name":"Albanian, Gheg","size":1800000},{"code":"als","name":"Albanian, Tosk","size":2900000},{"code":"rup","name":"Aromanian","size":10000},{"code":"ell","name":"Greek","size":60000},{"code":"mkd","name":"Macedonian","size":150000},{"code":"rmy","name":"Romani, Vlax","size":60000},{"code":"srp","name":"Serbian","size":297000}],"dist":[[0,48.26,97.41,99.59,95.53,94.32,97.89],[48.26,0,94.69,95.48,90.7,95.58,93.64],[97.41,94.69,0,90.47,90.97,94.51,91.46],[99.59,95.48,90.47,0,95.82,98.22,95.48],[95.53,90.7,90.97,95.82,0,89.99,36.59],[94.32,95.58,94.51,98.22,89.99,0,90.08],[97.89,93.64,91.46,95.48,36.59,90.08,0]]},{"code":"AM","name":"Armenia","groups":[{"code":"hye","name":"Armenian","size":3140000},{"code":"aii","name":"Assyrian Neo-Aramaic","size":3500},{"code":"azj","name":"Azerbaijani, North","size":161000},{"code":"myv","name":"Erzya","size":500},{"code":"kmr","name":"Kurdish, Northern","size":100000}],"dist":[[0,102.44,99.62,96.73,90.34],[102.44,0,100.24,101,96.75],[99.62,100.24,0,94.52,97.89],[96.73,101,94.52,0,98.39],[90.34,96.75,97.89,98.39,0]]},{"code":"AN","name":"Netherlands Antilles","groups":[{"code":"nld","name":"Dutch","size":4000},{"code":"eng","name":"English","size":1800},{"code":"pap","name":"Papiamentu","size":179000}],"dist":[[0,65.61,94.16],[65.61,0,92.85],[94.16,92.85,0]]},{"code":"AO","name":"Angola","groups":[{"code":"cjk","name":"Cokwe","size":456000},{"code":"kng","name":"Kikongo","size":1000000},{"code":"kmb","name":"Kimbundu","size":3000000},{"code":"lue","name":"Luvale","size":464000},{"code":"ndo","name":"Ndonga","size":263000},{"code":"nba","name":"Nyemba","size":222000},{"code":"kua","name":"Oshiwambo","size":421000},{"code":"yaf","name":"Yaka","size":200000}],"dist":[[0,85.26,85.02,53.75,71.41,78.19,74.7,84.23],[85.26,0,85.67,82.44,88.87,84.59,86.13,63.22],[85.02,85.67,0,75.38,79.23,83.64,72.59,84.99],[53.75,82.44,75.38,0,74.03,68.2,73.8,84.24],[71.41,88.87,79.23,74.03,0,75.84,37.14,87.51],[78.19,84.59,83.64,68.2,75.84,0,72.49,78.71],[74.7,86.13,72.59,73.8,37.14,72.49,0,85.08],[84.23,63.22,84.99,84.24,87.51,78.71,85.08,0]]},{"code":"AR","name":"Argentina","groups":[{"code":"ayr","name":"Aymara, Central","size":30000},{"code":"gui","name":"Guarani, Western Argentine","size":15000},{"code":"arn","name":"Mapudungun","size":100000},{"code":"quh","name":"Quechua, South Bolivian","size":855000},{"code":"spa","name":"Spanish","size":33000000},{"code":"tob","name":"Toba","size":19800},{"code":"cym","name":"Welsh","size":25000},{"code":"mzh","name":"Wichi Lhamtes Guisnay","size":15000},{"code":"wlv","name":"Wichi Lhamtes Vejoz","size":25000}],"dist":[[0,101.19,100.78,90.5,102.43,99.4,101.42,100.28,101.1],[101.19,0,97.43,101.12,98.11,101.11,100.2,93.9,100.29],[100.78,97.43,0,97.24,103.63,100.19,100.39,98.91,100.14],[90.5,101.12,97.24,0,98.22,98.13,100.49,97.18,99.44],[102.43,98.11,103.63,98.22,0,95.76,92.44,98.19,97.2],[99.4,101.11,100.19,98.13,95.76,0,96.28,98.31,96.32],[101.42,100.2,100.39,100.49,92.44,96.28,0,100.24,99.21],[100.28,93.9,98.91,97.18,98.19,98.31,100.24,0,59.6],[101.1,100.29,100.14,99.44,97.2,96.32,99.21,59.6,0]]},{"code":"AS","name":"American Samoa","groups":[{"code":"eng","name":"English","size":1250},{"code":"smo","name":"Samoan","size":56700}],"dist":[[0,98.09],[98.09,0]]},{"code":"AT","name":"Austria","groups":[{"code":"hrv","name":"Croatian","size":19400},{"code":"deu","name":"German, Standard","size":7500000},{"code":"gsw","name":"German, Swiss","size":300000},{"code":"hun","name":"Hungarian","size":25900},{"code":"rmo","name":"Romani, Sinte","size":4350},{"code":"slv","name":"Slovene","size":18000}],"dist":[[0,91.36,88.36,95.87,93.39,28.36],[91.36,0,44.93,99.25,92.6,88.95],[88.36,44.93,0,97.89,96.82,86.41],[95.87,99.25,97.89,0,99.15,96.97],[93.39,92.6,96.82,99.15,0,93.79],[28.36,88.95,86.41,96.97,93.79,0]]},{"code":"AU","name":"Australia","groups":[{"code":"rme","name":"Angloromani","size":5000},{"code":"aer","name":"Arrernte, Eastern","size":3820},{"code":"duj","name":"Dhuwal","size":3650},{"code":"eng","name":"English","size":17400000},{"code":"rop","name":"Kriol","size":10000},{"code":"pjt","name":"Pitjantjatjara","size":2120},{"code":"tiw","name":"Tiwi","size":1830},{"code":"wbp","name":"Warlpiri","size":2670}],"dist":[[0,100.51,100.94,98.21,95.01,97.13,98.33,99.61],[100.51,0,98.62,99.25,99.19,93.16,98.35,98.94],[100.94,98.62,0,99.12,97.76,97.23,99.34,97.64],[98.21,99.25,99.12,0,41.89,100.77,100.1,98.3],[95.01,99.19,97.76,41.89,0,99.07,101.05,99.71],[97.13,93.16,97.23,100.77,99.07,0,101.17,85.4],[98.33,98.35,99.34,100.1,101.05,101.17,0,101.13],[99.61,98.94,97.64,98.3,99.71,85.4,101.13,0]]},{"code":"AW","name":"Aruba","groups":[{"code":"nld","name":"Dutch","size":5290},{"code":"eng","name":"English","size":3000},{"code":"pap","name":"Papiamentu","size":60000}],"dist":[[0,65.61,94.16],[65.61,0,92.85],[94.16,92.85,0]]},{"code":"AZ","name":"Azerbaijan","groups":[{"code":"hye","name":"Armenian","size":152000},{"code":"ava","name":"Avar","size":44000},{"code":"azj","name":"Azerbaijani, North","size":6100000},{"code":"kat","name":"Georgian","size":16300},{"code":"jdt","name":"Judeo-Tat","size":24000},{"code":"kmr","name":"Kurdish, Northern","size":20000},{"code":"lez","name":"Lezgi","size":364000},{"code":"tkr","name":"Tsakhur","size":13000}],"dist":[[0,101.03,99.62,97.15,92.44,90.34,96.87,99.46],[101.03,0,101.07,100.27,100.3,99.63,88.78,98.38],[99.62,101.07,0,93.83,98.14,97.89,96.59,99.71],[97.15,100.27,93.83,0,97.3,98.4,96.75,98.3],[92.44,100.3,98.14,97.3,0,78.77,101.5,99.24],[90.34,99.63,97.89,98.4,78.77,0,94.79,96.6],[96.87,88.78,96.59,96.75,101.5,94.79,0,86.9],[99.46,98.38,99.71,98.3,99.24,96.6,86.9,0]]},{"code":"BA","name":"Bosnia and Herzegovina","groups":[{"code":"bos","name":"Bosnian","size":2000000},{"code":"hrv","name":"Croatian","size":469000},{"code":"rmy","name":"Romani, Vlax","size":400000},{"code":"srp","name":"Serbian","size":1300000}],"dist":[[0,14.76,87,23.87],[14.76,0,88.37,19.6],[87,88.37,0,90.08],[23.87,19.6,90.08,0]]},{"code":"BB","name":"Barbados","groups":[{"code":"eng","name":"English","size":13000}],"dist":[[0]]},{"code":"BD","name":"Bangladesh","groups":[{"code":"ben","name":"Bengali","size":110000000},{"code":"urd","name":"Bihari","size":250000},{"code":"mya","name":"Burmese","size":300000},{"code":"ccp","name":"Chakma","size":150000},{"code":"grt","name":"Garo","size":120000},{"code":"kru","name":"Kurux","size":40000},{"code":"sat","name":"Santali","size":157000},{"code":"aml","name":"War-Jaintia","size":16000}],"dist":[[0,60.19,96.26,60.14,99.87,98.28,99.69,100.12],[60.19,0,100.93,75.04,97.46,99.11,101.58,97.99],[96.26,100.93,0,101.51,95.37,95.84,98.41,101.11],[60.14,75.04,101.51,0,103.02,98.61,102.36,99.64],[99.87,97.46,95.37,103.02,0,97.76,100.63,100.7],[98.28,99.11,95.84,98.61,97.76,0,94.82,98.02],[99.69,101.58,98.41,102.36,100.63,94.82,0,89.13],[100.12,97.99,101.11,99.64,100.7,98.02,89.13,0]]},{"code":"BE","name":"Belgium","groups":[{"code":"nld","name":"Dutch","size":4620000},{"code":"fra","name":"French","size":4000000},{"code":"deu","name":"German, Standard","size":150000},{"code":"lim","name":"Limburgish","size":600000},{"code":"ltz","name":"Luxembourgeois","size":30000},{"code":"vls","name":"Vlaams","size":6000000}],"dist":[[0,95.9,56.73,54,62.04,43.47],[95.9,0,97.01,95.81,96.58,95.93],[56.73,97.01,0,42.89,41.94,49.54],[54,95.81,42.89,0,46.14,56.53],[62.04,96.58,41.94,46.14,0,57],[43.47,95.93,49.54,56.53,57,0]]},{"code":"BF","name":"Burkina Faso","groups":[{"code":"bib","name":"Bissa","size":350000},{"code":"bwq","name":"Bobo Madare, Southern","size":312000},{"code":"gux","name":"Gourmanchema","size":600000},{"code":"dyu","name":"Jula","size":1000000},{"code":"kfz","name":"Koromfe","size":196000},{"code":"rkm","name":"Marka","size":200000},{"code":"mos","name":"Moore","size":5000000},{"code":"hmb","name":"Songhay","size":125000}],"dist":[[0,89.08,98.38,91.47,95.23,91.5,100.48,95.88],[89.08,0,93.49,85.84,97.18,88.88,93.62,98.71],[98.38,93.49,0,98.98,95.03,97.12,89.02,100.67],[91.47,85.84,98.98,0,98.31,52.7,98.17,100.38],[95.23,97.18,95.03,98.31,0,97.34,89.22,94.53],[91.5,88.88,97.12,52.7,97.34,0,99.28,100.2],[100.48,93.62,89.02,98.17,89.22,99.28,0,100.8],[95.88,98.71,100.67,100.38,94.53,100.2,100.8,0]]},{"code":"BG","name":"Bulgaria","groups":[{"code":"aln","name":"Albanian, Gheg","size":1000},{"code":"rup","name":"Aromanian","size":10600},{"code":"bul","name":"Bulgarian","size":7990000},{"code":"crh","name":"Crimean Tatar","size":6000},{"code":"gag","name":"Gagauz","size":12000},{"code":"mkd","name":"Macedonian","size":150000},{"code":"rmn","name":"Romani, Balkan","size":371000},{"code":"tur","name":"Turkish","size":747000}],"dist":[[0,97.41,96.67,101.06,98.06,95.53,95.86,98.28],[97.41,0,89.22,100.64,101.16,90.97,96.33,100.42],[96.67,89.22,0,96.81,96.74,32.42,88.91,97.13],[101.06,100.64,96.81,0,53.98,98.42,95.79,71.43],[98.06,101.16,96.74,53.98,0,98.11,94.92,44.61],[95.53,90.97,32.42,98.42,98.11,0,89.46,97.34],[95.86,96.33,88.91,95.79,94.92,89.46,0,95.83],[98.28,100.42,97.13,71.43,44.61,97.34,95.83,0]]},{"code":"BH","name":"Bahrain","groups":[{"code":"afb","name":"Arabic, Gulf Spoken","size":100000}],"dist":[[0]]},{"code":"BI","name":"Burundi","groups":[{"code":"fra","name":"French","size":2200},{"code":"run","name":"Rundi","size":4600000},{"code":"swh","name":"Swahili","size":6360}],"dist":[[0,101.34,99.96],[101.34,0,86.38],[99.96,86.38,0]]},{"code":"BJ","name":"Benin","groups":[{"code":"bba","name":"Baatonum","size":460000},{"code":"bqc","name":"Boko","size":70000},{"code":"fon","name":"Fon","size":1400000},{"code":"gej","name":"Gen","size":126000},{"code":"gux","name":"Gourmanchema","size":62000},{"code":"hau","name":"Hausa","size":800000},{"code":"pil","name":"Yom","size":74000},{"code":"yor","name":"Yoruba","size":465000}],"dist":[[0,99.91,93.4,99.25,95.83,103.61,87.72,97.84],[99.91,0,98.94,99.78,96.46,100.92,98.97,99.13],[93.4,98.94,0,62.92,88.78,97.65,93.54,95.1],[99.25,99.78,62.92,0,90.9,96.53,96.94,92.52],[95.83,96.46,88.78,90.9,0,99.06,89.9,100.02],[103.61,100.92,97.65,96.53,99.06,0,102.02,95.16],[87.72,98.97,93.54,96.94,89.9,102.02,0,94.48],[97.84,99.13,95.1,92.52,100.02,95.16,94.48,0]]},{"code":"BM","name":"Bermuda","groups":[{"code":"eng","name":"English","size":58800}],"dist":[[0]]},{"code":"BN","name":"Brunei","groups":[{"code":"beg","name":"Belait","size":1000},{"code":"hak","name":"Chinese, Hakka","size":5650},{"code":"cmn","name":"Chinese, Mandarin","size":10600},{"code":"nan","name":"Chinese, Min Nan","size":13100},{"code":"yue","name":"Chinese, Yue","size":6350},{"code":"eng","name":"English","size":8000},{"code":"iba","name":"Iban","size":21400},{"code":"lnd","name":"Lun Bawang","size":500}],"dist":[[0,99.91,100.55,103.58,98.99,99.64,71.49,76.85],[99.91,0,84.15,83.49,74.78,103.8,98.97,96.93],[100.55,84.15,0,89.06,81.94,102.4,98.17,98.63],[103.58,83.49,89.06,0,88.44,101.75,100.3,99.09],[98.99,74.78,81.94,88.44,0,99.13,98.71,101.83],[99.64,103.8,102.4,101.75,99.13,0,97.96,99.77],[71.49,98.97,98.17,100.3,98.71,97.96,0,73.36],[76.85,96.93,98.63,99.09,101.83,99.77,73.36,0]]},{"code":"BO","name":"Bolivia","groups":[{"code":"ayr","name":"Aymara, Central","size":1790000},{"code":"cax","name":"Chiquitano","size":5860},{"code":"gui","name":"Guarani, Eastern Bolivian","size":33700},{"code":"pdt","name":"Plautdietsch","size":28600},{"code":"qul","name":"Quechua, North Bolivian","size":116000},{"code":"quh","name":"Quechua, South Bolivian","size":2780000},{"code":"spa","name":"Spanish","size":3480000},{"code":"trn","name":"Trinitario","size":5500}],"dist":[[0,100.41,101.19,95.44,87.55,90.5,102.43,99.18],[100.41,0,97.46,98.96,98.86,99.6,99.01,101.86],[101.19,97.46,0,100.22,101.04,101.12,98.11,101.56],[95.44,98.96,100.22,0,101.66,101.32,93.72,102.07],[87.55,98.86,101.04,101.66,0,13.47,99.71,101.99],[90.5,99.6,101.12,101.32,13.47,0,98.22,103.51],[102.43,99.01,98.11,93.72,99.71,98.22,0,95.82],[99.18,101.86,101.56,102.07,101.99,103.51,95.82,0]]},{"code":"BR","name":"Brazil","groups":[{"code":"gub","name":"Guajajara","size":15000},{"code":"kgk","name":"Kaiwa","size":18000},{"code":"mbc","name":"Macushi","size":19000},{"code":"myu","name":"Munduruku","size":10100},{"code":"por","name":"Portuguese","size":163000000},{"code":"ter","name":"Terena","size":15000},{"code":"tca","name":"Ticuna","size":32600},{"code":"xav","name":"Xavante","size":10000}],"dist":[[0,53.51,95.11,92.79,98.39,103.91,98.24,99.36],[53.51,0,97.24,91.11,98.06,102.13,99.81,103.08],[95.11,97.24,0,105.07,97.88,98.79,100.27,100.66],[92.79,91.11,105.07,0,101.79,100.86,99.17,100.04],[98.39,98.06,97.88,101.79,0,99.18,100.5,101.51],[103.91,102.13,98.79,100.86,99.18,0,99.69,101.92],[98.24,99.81,100.27,99.17,100.5,99.69,0,95.67],[99.36,103.08,100.66,100.04,101.51,101.92,95.67,0]]},{"code":"BS","name":"Bahamas","groups":[{"code":"eng","name":"English","size":49300}],"dist":[[0]]},{"code":"BT","name":"Bhutan","groups":[{"code":"dzo","name":"Dzongkha","size":160000},{"code":"kru","name":"Kurux","size":4200},{"code":"lep","name":"Lepcha","size":2000},{"code":"nep","name":"Nepali","size":265000},{"code":"bod","name":"Tibetan","size":4800},{"code":"tsj","name":"Tshangla","size":157000}],"dist":[[0,103.43,92.87,99.46,47.57,83],[103.43,0,95.76,104.15,104.13,93.58],[92.87,95.76,0,100.65,90.22,87.75],[99.46,104.15,100.65,0,99.84,96.85],[47.57,104.13,90.22,99.84,0,85.41],[83,93.58,87.75,96.85,85.41,0]]},{"code":"BW","name":"Botswana","groups":[{"code":"afr","name":"Afrikaans","size":20000},{"code":"her","name":"Herero","size":31000},{"code":"kck","name":"Kalanga","size":150000},{"code":"loz","name":"Lozi","size":14000},{"code":"mhw","name":"Mbukushu","size":20000},{"code":"nde","name":"Ndebele","size":17000},{"code":"yey","name":"Yeyi","size":20000},{"code":"sna","name":"Zezuru","size":11000}],"dist":[[0,99.64,101.08,101.9,100.42,101.05,98.22,103.45],[99.64,0,86.92,90.49,73.49,94.64,81.32,83.81],[101.08,86.92,0,82.33,77.77,84.61,77.03,54.95],[101.9,90.49,82.33,0,78.48,74.58,86.57,79.5],[100.42,73.49,77.77,78.48,0,87.83,67.35,73.66],[101.05,94.64,84.61,74.58,87.83,0,87.64,85.49],[98.22,81.32,77.03,86.57,67.35,87.64,0,74.74],[103.45,83.81,54.95,79.5,73.66,85.49,74.74,0]]},{"code":"BY","name":"Belarus","groups":[{"code":"bel","name":"Belarusan","size":6720000}],"dist":[[0]]},{"code":"BZ","name":"Belize","groups":[{"code":"eng","name":"English","size":60000},{"code":"cab","name":"Garifuna","size":16100},{"code":"kek","name":"Kekchi","size":11200},{"code":"mop","name":"Maya, Mopan","size":9200},{"code":"yua","name":"Maya, Yucatan","size":6000},{"code":"pdt","name":"Plautdietsch","size":6900},{"code":"spa","name":"Spanish","size":101000}],"dist":[[0,102.86,98.73,96.11,96.48,65.59,93.34],[102.86,0,98.69,101.34,97.47,101.15,100.86],[98.73,98.69,0,75,73.1,98.8,100.2],[96.11,101.34,75,0,43.47,101.36,99.49],[96.48,97.47,73.1,43.47,0,99.69,98.07],[65.59,101.15,98.8,101.36,99.69,0,93.72],[93.34,100.86,100.2,99.49,98.07,93.72,0]]},{"code":"CA","name":"Canada","groups":[{"code":"chp","name":"Dene","size":9030},{"code":"eng","name":"English","size":20000000},{"code":"fra","name":"French","size":6700000},{"code":"ike","name":"Inuktitut, Eastern Canadian","size":14000},{"code":"mic","name":"Micmac","size":8960},{"code":"ojg","name":"Ojibwa, Eastern","size":25900},{"code":"ojs","name":"Ojibwa, Severn","size":10500},{"code":"pdt","name":"Plautdietsch","size":80000}],"dist":[[0,98.63,100.17,100.37,95.89,97.27,96.3,99.8],[98.63,0,91.55,100.23,97.93,99.31,100.08,65.59],[100.17,91.55,0,96.76,99.46,100.03,101.1,95.75],[100.37,100.23,96.76,0,97.13,99.39,101.1,102.61],[95.89,97.93,99.46,97.13,0,89.16,94.11,99.13],[97.27,99.31,100.03,99.39,89.16,0,43.78,97.25],[96.3,100.08,101.1,101.1,94.11,43.78,0,98.54],[99.8,65.59,95.75,102.61,99.13,97.25,98.54,0]]},{"code":"CD","name":"Democratic Republic of the Congo","groups":[{"code":"alz","name":"Alur","size":750000},{"code":"kng","name":"Koongo","size":3000000},{"code":"led","name":"Lendu","size":750000},{"code":"lin","name":"Lingala","size":2040000},{"code":"lua","name":"Luba-Kasai","size":6300000},{"code":"lub","name":"Luba-Katanga","size":1510000},{"code":"lgg","name":"Lugbara","size":840000},{"code":"nga","name":"Ngbaka","size":1010000},{"code":"sop","name":"Songe","size":1000000}],"dist":[[0,96.84,98.42,98.49,104.65,103.21,94.56,99.35,101.98],[96.84,0,98.09,84.69,87.28,86.45,101.81,99.27,86.17],[98.42,98.09,0,92.16,99.39,99.65,90.98,102.98,98.59],[98.49,84.69,92.16,0,85.46,88.24,95.87,96.91,90.22],[104.65,87.28,99.39,85.46,0,64.54,97.83,97.71,65.6],[103.21,86.45,99.65,88.24,64.54,0,101.91,100.67,57.38],[94.56,101.81,90.98,95.87,97.83,101.91,0,97.01,103.03],[99.35,99.27,102.98,96.91,97.71,100.67,97.01,0,100.96],[101.98,86.17,98.59,90.22,65.6,57.38,103.03,100.96,0]]},{"code":"CF","name":"Central African Republic","groups":[{"code":"lnl","name":"Banda, South Central","size":150000},{"code":"liy","name":"Banda-Bambari","size":183000},{"code":"gya","name":"Gbaya, Northwest","size":200000},{"code":"gso","name":"Gbaya, Southwest","size":220000},{"code":"gbp","name":"Gbaya-Bossangoa","size":200000},{"code":"mzv","name":"Manza","size":220000},{"code":"sag","name":"Sango","size":350000},{"code":"yky","name":"Yakoma","size":100000}],"dist":[[0,53.7,97.02,93.96,95.76,99.8,87.91,88.75],[53.7,0,95.88,98.3,96.54,97.63,91.85,91.82],[97.02,95.88,0,41.97,30.82,41.98,100.6,97.5],[93.96,98.3,41.97,0,48,49.94,101.79,98.81],[95.76,96.54,30.82,48,0,43.94,101.21,99.37],[99.8,97.63,41.98,49.94,43.94,0,97.09,93.84],[87.91,91.85,100.6,101.79,101.21,97.09,0,37.51],[88.75,91.82,97.5,98.81,99.37,93.84,37.51,0]]},{"code":"CG","name":"Congo","groups":[{"code":"bni","name":"Bobangi","size":60400},{"code":"fra","name":"French","size":28000},{"code":"mkw","name":"Kituba","size":1160000},{"code":"kng","name":"Koongo","size":1000000},{"code":"ldi","name":"Laari","size":90600},{"code":"lin","name":"Lingala","size":90600},{"code":"mdt","name":"Mbere","size":60400},{"code":"ebo","name":"Teke-Eboo","size":20400}],"dist":[[0,99.52,85.81,87.9,86.84,59.67,86.44,86.08],[99.52,0,100.32,98.53,99.76,99.58,101.73,99.86],[85.81,100.32,0,49.52,52.43,83.74,77.91,80.84],[87.9,98.53,49.52,0,47.5,84.69,80.09,85.24],[86.84,99.76,52.43,47.5,0,85.51,82.12,85.71],[59.67,99.58,83.74,84.69,85.51,0,89.14,86.55],[86.44,101.73,77.91,80.09,82.12,89.14,0,39.9],[86.08,99.86,80.84,85.24,85.71,86.55,39.9,0]]},{"code":"CH","name":"Switzerland","groups":[{"code":"frp","name":"Franco-Provencal","size":7000},{"code":"fra","name":"French","size":1490000},{"code":"gsw","name":"German, Swiss","size":4640000},{"code":"ita","name":"Italian","size":471000},{"code":"rmo","name":"Romani, Sinte","size":21000},{"code":"roh","name":"Romansch","size":35100}],"dist":[[0,61.51,95.68,73.8,92.32,77.39],[61.51,0,94.84,78.24,93.88,81.42],[95.68,94.84,0,89.17,96.82,87.25],[73.8,78.24,89.17,0,91.48,73.5],[92.32,93.88,96.82,91.48,0,91.49],[77.39,81.42,87.25,73.5,91.49,0]]},{"code":"CI","name":"Cote d'Ivoire","groups":[{"code":"any","name":"Anyin","size":610000},{"code":"ati","name":"Attie","size":381000},{"code":"bci","name":"Baoule","size":2130000},{"code":"daf","name":"Dan","size":800000},{"code":"goa","name":"Guro","size":332000},{"code":"dyu","name":"Jula","size":179000},{"code":"mxx","name":"Mahou","size":169000},{"code":"wob","name":"We Northern","size":156000}],"dist":[[0,88.91,55.89,99.05,101.95,100.66,97.82,98.86],[88.91,0,86.06,98.61,97.16,92.46,90.35,103.21],[55.89,86.06,0,103.16,101.79,101,99.08,96.32],[99.05,98.61,103.16,0,77.76,93.51,89.69,94.29],[101.95,97.16,101.79,77.76,0,90.05,82.86,97.59],[100.66,92.46,101,93.51,90.05,0,45.51,103.73],[97.82,90.35,99.08,89.69,82.86,45.51,0,102.45],[98.86,103.21,96.32,94.29,97.59,103.73,102.45,0]]},{"code":"CK","name":"Cook Islands","groups":[{"code":"eng","name":"English","size":1000},{"code":"pnh","name":"Penrhyn","size":600},{"code":"pkp","name":"Pukapuka","size":840},{"code":"rkh","name":"Rakahanga-Manihiki","size":2500},{"code":"rar","name":"Rarotongan","size":7300}],"dist":[[0,100.78,99.53,99.45,100],[100.78,0,31.07,22.75,16.67],[99.53,31.07,0,44.9,39.67],[99.45,22.75,44.9,0,33.16],[100,16.67,39.67,33.16,0]]},{"code":"CL","name":"Chile","groups":[{"code":"ayr","name":"Aymara, Central","size":900},{"code":"arn","name":"Mapudungun","size":200000},{"code":"alc","name":"Qawasqar","size":12},{"code":"rap","name":"Rapa Nui","size":3390},{"code":"spa","name":"Spanish","size":13800000},{"code":"yag","name":"Yamana","size":1}],"dist":[[0,100.78,102.69,102,102.43,96.08],[100.78,0,99.54,97.16,103.63,99.82],[102.69,99.54,0,100.2,96.39,99.5],[102,97.16,100.2,0,100.09,99.23],[102.43,103.63,96.39,100.09,0,98.04],[96.08,99.82,99.5,99.23,98.04,0]]},{"code":"CM","name":"Cameroon","groups":[{"code":"bax","name":"Bamun","size":215000},{"code":"bas","name":"Basaa","size":230000},{"code":"bum","name":"Bulu","size":858000},{"code":"ewo","name":"Ewondo","size":578000},{"code":"fub","name":"Fulfulde, Adamawa","size":669000},{"code":"bbj","name":"Ghomala","size":260000},{"code":"bkm","name":"Kom","size":233000},{"code":"ybb","name":"Yemba","size":300000}],"dist":[[0,93.86,90.83,92.23,100.21,83.7,89.92,86.08],[93.86,0,92.02,74.49,102.67,94.02,93.25,99.56],[90.83,92.02,0,92.48,102,93.88,66.32,87.32],[92.23,74.49,92.48,0,95.91,87.83,85.83,88.74],[100.21,102.67,102,95.91,0,96.77,101.59,99.14],[83.7,94.02,93.88,87.83,96.77,0,91.74,79.45],[89.92,93.25,66.32,85.83,101.59,91.74,0,84.4],[86.08,99.56,87.32,88.74,99.14,79.45,84.4,0]]},{"code":"CN","name":"China","groups":[{"code":"pcc","name":"Bouyei","size":2600000},{"code":"hak","name":"Chinese, Hakka","size":25700000},{"code":"cmn","name":"Chinese, Mandarin","size":840000000},{"code":"nan","name":"Chinese, Min Nan","size":25700000},{"code":"wuu","name":"Chinese, Wu","size":77200000},{"code":"hsn","name":"Chinese, Xiang","size":36000000},{"code":"yue","name":"Chinese, Yue","size":52000000},{"code":"uig","name":"Uyghur","size":8400000}],"dist":[[0,100.81,99.19,99.75,101.89,101.23,99.44,102.3],[100.81,0,84.15,83.49,89.59,81.38,74.78,99.72],[99.19,84.15,0,89.06,86.4,86.25,81.94,99.35],[99.75,83.49,89.06,0,88.05,85.89,88.44,100.27],[101.89,89.59,86.4,88.05,0,80.76,89.89,99.95],[101.23,81.38,86.25,85.89,80.76,0,89.59,100.61],[99.44,74.78,81.94,88.44,89.89,89.59,0,100.57],[102.3,99.72,99.35,100.27,99.95,100.61,100.57,0]]},{"code":"CO","name":"Colombia","groups":[{"code":"kwi","name":"Awa-Cuaiquer","size":20000},{"code":"emp","name":"Embera, Northern","size":49700},{"code":"guh","name":"Guahibo","size":23000},{"code":"gum","name":"Guambiano","size":23500},{"code":"pbb","name":"Paez","size":77400},{"code":"rmy","name":"Romani, Vlax","size":79000},{"code":"spa","name":"Spanish","size":34000000},{"code":"guc","name":"Wayuu","size":135000}],"dist":[[0,98.27,102.16,83.92,96.28,101.75,100.88,98.15],[98.27,0,101.59,100.89,97.23,95.25,99.45,100.43],[102.16,101.59,0,96.46,101.45,104.27,102.51,96.27],[83.92,100.89,96.46,0,100.6,99.53,100.63,97.84],[96.28,97.23,101.45,100.6,0,98.8,99.44,100.73],[101.75,95.25,104.27,99.53,98.8,0,94.34,99.62],[100.88,99.45,102.51,100.63,99.44,94.34,0,101.51],[98.15,100.43,96.27,97.84,100.73,99.62,101.51,0]]},{"code":"CR","name":"Costa Rica","groups":[{"code":"brn","name":"Boruca","size":5},{"code":"bzd","name":"Bribri","size":11000},{"code":"cjp","name":"Cabecar","size":8840},{"code":"jam","name":"Limon Creole English","size":55100},{"code":"gut","name":"Maleku Jaika","size":750},{"code":"gym","name":"Ngabere","size":5090},{"code":"pdt","name":"Plautdietsch","size":100},{"code":"spa","name":"Spanish","size":3300000},{"code":"tfr","name":"Teribe","size":5}],"dist":[[0,93.1,91.29,101.71,97.82,94.03,98.36,102,93.93],[93.1,0,61.39,102.38,93.73,98.28,100.59,101.44,88.99],[91.29,61.39,0,98.92,89.08,97.64,98.09,102.07,84.4],[101.71,102.38,98.92,0,101.6,98.59,76.12,95.03,100.78],[97.82,93.73,89.08,101.6,0,98.66,93.57,100.91,94.55],[94.03,98.28,97.64,98.59,98.66,0,96.99,102.1,93.52],[98.36,100.59,98.09,76.12,93.57,96.99,0,93.72,99.19],[102,101.44,102.07,95.03,100.91,102.1,93.72,0,100.07],[93.93,88.99,84.4,100.78,94.55,93.52,99.19,100.07,0]]},{"code":"CU","name":"Cuba","groups":[{"code":"spa","name":"Spanish","size":10000000}],"dist":[[0]]},{"code":"CV","name":"Cape Verde Islands","groups":[{"code":"por","name":"Portuguese","size":14800}],"dist":[[0]]},{"code":"CY","name":"Cyprus","groups":[{"code":"acy","name":"Arabic, Cypriot Spoken","size":1300},{"code":"hye","name":"Armenian","size":2740},{"code":"ell","name":"Greek","size":689000},{"code":"tur","name":"Turkish","size":177000}],"dist":[[0,99.36,100.17,102.13],[99.36,0,94.6,95.79],[100.17,94.6,0,99.7],[102.13,95.79,99.7,0]]},{"code":"CZ","name":"Czech Republic","groups":[{"code":"aln","name":"Albanian, Gheg","size":690},{"code":"ces","name":"Czech","size":9250000},{"code":"deu","name":"German, Standard","size":39100},{"code":"pol","name":"Polish","size":52000},{"code":"rmc","name":"Romani, Carpathian","size":380000},{"code":"rmo","name":"Romani, Sinte","size":5100},{"code":"slk","name":"Slovak","size":193000}],"dist":[[0,99.19,95.05,97.71,96.09,95.71,98.74],[99.19,0,92.22,44.05,94.11,96.61,32.82],[95.05,92.22,0,95.93,91.31,92.6,92.79],[97.71,44.05,95.93,0,92.48,95.26,53.57],[96.09,94.11,91.31,92.48,0,40.78,94.59],[95.71,96.61,92.6,95.26,40.78,0,94.93],[98.74,32.82,92.79,53.57,94.59,94.93,0]]},{"code":"DE","name":"Germany","groups":[{"code":"dan","name":"Danish","size":21000},{"code":"deu","name":"German, Standard","size":75300000},{"code":"pdt","name":"Plautdietsch","size":90000},{"code":"pol","name":"Polish","size":241000},{"code":"rmo","name":"Romani, Sinte","size":80000},{"code":"sxu","name":"Saxon, Upper","size":2000000},{"code":"hsb","name":"Sorbian, Upper","size":18000},{"code":"swg","name":"Swabian","size":819000}],"dist":[[0,66.64,63.62,97.12,96.66,72.32,97.74,70.13],[66.64,0,54.8,95.93,92.6,40.72,95,42.82],[63.62,54.8,0,93.88,97.24,64.41,95.51,60.05],[97.12,95.93,93.88,0,95.26,91.1,42.25,93.04],[96.66,92.6,97.24,95.26,0,95.49,93.12,95.28],[72.32,40.72,64.41,91.1,95.49,0,91.18,43.17],[97.74,95,95.51,42.25,93.12,91.18,0,94.71],[70.13,42.82,60.05,93.04,95.28,43.17,94.71,0]]},{"code":"DJ","name":"Djibouti","groups":[{"code":"aar","name":"Afar","size":99200},{"code":"fra","name":"French","size":10200},{"code":"som","name":"Somali","size":297000}],"dist":[[0,100.6,83.35],[100.6,0,98.83],[83.35,98.83,0]]},{"code":"DK","name":"Denmark","groups":[{"code":"dan","name":"Danish","size":5450000},{"code":"fao","name":"Faroese","size":48200},{"code":"deu","name":"German, Standard","size":25900},{"code":"kal","name":"Kalaallisut, Greenlandic","size":10000}],"dist":[[0,68.23,66.64,100.13],[68.23,0,74.06,98.83],[66.64,74.06,0,100.94],[100.13,98.83,100.94,0]]},{"code":"DM","name":"Dominica","groups":[{"code":"acf","name":"Dominican Creole French","size":42600},{"code":"eng","name":"English","size":10000}],"dist":[[0,94.9],[94.9,0]]},{"code":"DO","name":"Dominican Republic","groups":[{"code":"eng","name":"English","size":8000},{"code":"hat","name":"Haitian","size":159000},{"code":"spa","name":"Spanish","size":6890000}],"dist":[[0,93.58,93.34],[93.58,0,90.4],[93.34,90.4,0]]},{"code":"DZ","name":"Algeria","groups":[{"code":"arq","name":"Arabic, Algerian Spoken","size":20400000},{"code":"fra","name":"French","size":111000},{"code":"kab","name":"Kabyle","size":2540000},{"code":"oua","name":"Tagargrent","size":5000},{"code":"thv","name":"Tamahaq, Tahaggart","size":25000},{"code":"mzb","name":"Tumzabt","size":70000}],"dist":[[0,96.29,94.31,92.9,96.28,91.4],[96.29,0,96.61,99,101.01,99.46],[94.31,96.61,0,46.4,56.19,37.68],[92.9,99,46.4,0,61.72,23],[96.28,101.01,56.19,61.72,0,58.04],[91.4,99.46,37.68,23,58.04,0]]},{"code":"EC","name":"Ecuador","groups":[{"code":"cbi","name":"Chachi","size":9500},{"code":"qxr","name":"Quichua, Canar Highland","size":100000},{"code":"qug","name":"Quichua, Chimborazo Highland","size":1000000},{"code":"qvi","name":"Quichua, Imbabura Highland","size":300000},{"code":"qvz","name":"Quichua, Northern Pastaza","size":8000},{"code":"quw","name":"Quichua, Tena Lowland","size":20000},{"code":"jiv","name":"Shuar","size":46700},{"code":"spa","name":"Spanish","size":9500000}],"dist":[[0,99.31,100.11,99.41,98.88,102.03,95.25,100.01],[99.31,0,23.03,14.73,7.63,10.34,103.82,100],[100.11,23.03,0,27.67,20.94,27.21,104.25,100.94],[99.41,14.73,27.67,0,19.97,24.53,102.03,100.34],[98.88,7.63,20.94,19.97,0,10.02,102.64,100.88],[102.03,10.34,27.21,24.53,10.02,0,104.91,99.53],[95.25,103.82,104.25,102.03,102.64,104.91,0,98.28],[100.01,100,100.94,100.34,100.88,99.53,98.28,0]]},{"code":"EE","name":"Estonia","groups":[{"code":"est","name":"Estonian","size":953000}],"dist":[[0]]},{"code":"EG","name":"Egypt","groups":[{"code":"arz","name":"Arabic, Egyptian Spoken","size":52500000},{"code":"ayl","name":"Arabic, Western Egyptian Bedawi Spoken","size":316000},{"code":"rmt","name":"Domari","size":2280000},{"code":"ell","name":"Greek","size":42000},{"code":"kzh","name":"Kenuzi-Dongola","size":865000},{"code":"fia","name":"Nobiin","size":310000},{"code":"siz","name":"Siwi","size":30000}],"dist":[[0,48.25,92.55,100.29,95.21,98.14,95.54],[48.25,0,95.67,97.29,94.66,96.78,94.86],[92.55,95.67,0,98.02,99.62,97.56,99.83],[100.29,97.29,98.02,0,101.19,98.66,99.23],[95.21,94.66,99.62,101.19,0,77.56,102.91],[98.14,96.78,97.56,98.66,77.56,0,97.69],[95.54,94.86,99.83,99.23,102.91,97.69,0]]},{"code":"ER","name":"Eritrea","groups":[{"code":"bej","name":"Bedawiyet","size":158000},{"code":"byn","name":"Bilen","size":91000},{"code":"kun","name":"Kunama","size":187000},{"code":"nrb","name":"Nara","size":81400},{"code":"ssy","name":"Saho","size":191000},{"code":"tig","name":"Tigre","size":1050000},{"code":"tir","name":"Tigrigna","size":2540000}],"dist":[[0,95.34,97.33,98.64,95.02,90.42,94.37],[95.34,0,99.14,96.62,92.12,96.78,93.28],[97.33,99.14,0,97.51,100.5,96.74,99.44],[98.64,96.62,97.51,0,97.67,100.77,99.93],[95.02,92.12,100.5,97.67,0,97.65,96],[90.42,96.78,96.74,100.77,97.65,0,66.62],[94.37,93.28,99.44,99.93,96,66.62,0]]},{"code":"ES","name":"Spain","groups":[{"code":"arg","name":"Aragonese","size":11000},{"code":"ast","name":"Asturian","size":100000},{"code":"eus","name":"Basque","size":580000},{"code":"cat","name":"Catalan-Valencian-Balear","size":11200000},{"code":"glg","name":"Galician","size":3170000},{"code":"oci","name":"Gascon, Aranese","size":3810},{"code":"spa","name":"Spanish","size":28200000}],"dist":[[0,45.4,98.49,54.15,45.33,66.97,50.03],[45.4,0,99.87,64.78,52.92,73.11,42.45],[98.49,99.87,0,101.6,98.91,97.81,101.71],[54.15,64.78,101.6,0,63.51,62.55,72.12],[45.33,52.92,98.91,63.51,0,67.55,54.82],[66.97,73.11,97.81,62.55,67.55,0,81.16],[50.03,42.45,101.71,72.12,54.82,81.16,0]]},{"code":"ET","name":"Ethiopia","groups":[{"code":"amh","name":"Amharic","size":17400000},{"code":"gax","name":"Oromo, Borana-Arsi-Guji","size":3630000},{"code":"hae","name":"Oromo, Eastern","size":4530000},{"code":"gaz","name":"Oromo, West Central","size":8920000},{"code":"sgw","name":"Sebat Bet Gurage","size":2320000},{"code":"sid","name":"Sidamo","size":2900000},{"code":"som","name":"Somali","size":3960000},{"code":"tir","name":"Tigrigna","size":3220000}],"dist":[[0,99.26,100.82,95.15,80.28,98.43,99.86,75.37],[99.26,0,38.49,44.19,97.44,82.03,80.52,99.83],[100.82,38.49,0,30.44,97.89,84.43,85.05,98.76],[95.15,44.19,30.44,0,96.9,85.17,83.44,97.81],[80.28,97.44,97.89,96.9,0,94.52,100.05,83.82],[98.43,82.03,84.43,85.17,94.52,0,89.53,99.4],[99.86,80.52,85.05,83.44,100.05,89.53,0,97.89],[75.37,99.83,98.76,97.81,83.82,99.4,97.89,0]]},{"code":"FI","name":"Finland","groups":[{"code":"est","name":"Estonian","size":6000},{"code":"fin","name":"Finnish","size":4700000},{"code":"krl","name":"Karelian","size":10000},{"code":"rmf","name":"Romani, Kalo Finnish","size":10000},{"code":"smn","name":"Saami, Inari","size":300},{"code":"sme","name":"Saami, North","size":1700},{"code":"sms","name":"Saami, Skolt","size":400},{"code":"swe","name":"Swedish","size":296000}],"dist":[[0,51.95,37.41,96.37,81.21,86.66,78.06,94.8],[51.95,0,33.07,97.89,86.46,95.46,87.05,97.43],[37.41,33.07,0,94.46,84.66,90.44,85.07,96.98],[96.37,97.89,94.46,0,100.12,97.09,97.5,92.93],[81.21,86.46,84.66,100.12,0,54.64,49.69,96.26],[86.66,95.46,90.44,97.09,54.64,0,69.91,97.23],[78.06,87.05,85.07,97.5,49.69,69.91,0,97.72],[94.8,97.43,96.98,92.93,96.26,97.23,97.72,0]]},{"code":"FJ","name":"Fiji","groups":[{"code":"eng","name":"English","size":6000},{"code":"fij","name":"Fijian","size":330000},{"code":"wyy","name":"Fijian, Western","size":57000},{"code":"gil","name":"Kiribati","size":5300},{"code":"rtm","name":"Rotuman","size":9000}],"dist":[[0,101.44,101.06,97.76,102.36],[101.44,0,59.24,81.8,75.5],[101.06,59.24,0,84.26,80.1],[97.76,81.8,84.26,0,88.34],[102.36,75.5,80.1,88.34,0]]},{"code":"FK","name":"Falkland Islands","groups":[{"code":"eng","name":"English","size":1990}],"dist":[[0]]},{"code":"FM","name":"Micronesia","groups":[{"code":"chk","name":"Chuukese","size":45900},{"code":"eng","name":"English","size":5340},{"code":"kpg","name":"Kapingamarangi","size":3000},{"code":"kos","name":"Kosraean","size":8000},{"code":"pif","name":"Pingelapese","size":2500},{"code":"pon","name":"Pohnpeian","size":29000},{"code":"uli","name":"Ulithian","size":3000},{"code":"yap","name":"Yapese","size":6590}],"dist":[[0,100.47,84.09,90.24,79.4,81.93,75.65,93.91],[100.47,0,98.46,98.58,97.49,100.94,100.75,99.19],[84.09,98.46,0,86.96,92.01,87.11,90.63,93.75],[90.24,98.58,86.96,0,85.06,84.83,90.68,96.02],[79.4,97.49,92.01,85.06,0,52.36,83.25,96.78],[81.93,100.94,87.11,84.83,52.36,0,82.99,97.36],[75.65,100.75,90.63,90.68,83.25,82.99,0,88.24],[93.91,99.19,93.75,96.02,96.78,97.36,88.24,0]]},{"code":"FR","name":"France","groups":[{"code":"bre","name":"Breton","size":500000},{"code":"cat","name":"Catalan-Valencian-Balear","size":100000},{"code":"cos","name":"Corsican","size":341000},{"code":"fra","name":"French","size":53200000},{"code":"gsw","name":"German, Swiss","size":1500000},{"code":"ita","name":"Italian","size":1000000},{"code":"oci","name":"Occitan","size":1940000},{"code":"por","name":"Portuguese","size":750000}],"dist":[[0,91.34,90.04,88.12,93.74,89.27,90.32,91.68],[91.34,0,70.13,75.45,89.82,65.34,62.55,72.74],[90.04,70.13,0,78.87,89.14,54.57,80.11,59.65],[88.12,75.45,78.87,0,94.84,78.24,77.11,78.74],[93.74,89.82,89.14,94.84,0,89.17,93.57,93.92],[89.27,65.34,54.57,78.24,89.17,0,72.46,65.42],[90.32,62.55,80.11,77.11,93.57,72.46,0,81.89],[91.68,72.74,59.65,78.74,93.92,65.42,81.89,0]]},{"code":"GA","name":"Gabon","groups":[{"code":"fan","name":"Fang","size":588000},{"code":"fra","name":"French","size":37500},{"code":"mdt","name":"Mbere","size":45500},{"code":"mye","name":"Myene","size":46700},{"code":"nzb","name":"Njebi","size":120000},{"code":"puu","name":"Punu","size":123000},{"code":"snq","name":"Sangu","size":20900},{"code":"swj","name":"Sira","size":39400}],"dist":[[0,98.18,91.18,96.57,90.48,92.65,92.69,89.38],[98.18,0,101.73,92.92,100.86,97.66,94.69,96.13],[91.18,101.73,0,95.45,71.77,88.32,91.21,88.08],[96.57,92.92,95.45,0,93.41,95.84,93.42,94.8],[90.48,100.86,71.77,93.41,0,82.65,79.81,72.31],[92.65,97.66,88.32,95.84,82.65,0,55.74,42.94],[92.69,94.69,91.21,93.42,79.81,55.74,0,59.69],[89.38,96.13,88.08,94.8,72.31,42.94,59.69,0]]},{"code":"GB","name":"United Kingdom","groups":[{"code":"rme","name":"Angloromani","size":90000},{"code":"eng","name":"English","size":58100000},{"code":"fra","name":"French","size":14000},{"code":"gle","name":"Gaelic, Irish","size":95000},{"code":"gla","name":"Gaelic, Scottish","size":58700},{"code":"rmy","name":"Romani, Vlax","size":4100},{"code":"sco","name":"Scots","size":100000},{"code":"cym","name":"Welsh","size":508000}],"dist":[[0,98.21,93.21,99.31,99.01,60.56,99.75,92.91],[98.21,0,91.55,95.88,96.72,96.85,39.65,91.65],[93.21,91.55,0,100.29,99.26,92.35,91.4,89.7],[99.31,95.88,100.29,0,70.25,95.9,97.9,89.56],[99.01,96.72,99.26,70.25,0,98.7,100.18,93.78],[60.56,96.85,92.35,95.9,98.7,0,97.14,90.68],[99.75,39.65,91.4,97.9,100.18,97.14,0,95.24],[92.91,91.65,89.7,89.56,93.78,90.68,95.24,0]]},{"code":"GD","name":"Grenada","groups":[{"code":"eng","name":"English","size":750},{"code":"acf","name":"Grenadian Creole French","size":2300}],"dist":[[0,94.9],[94.9,0]]},{"code":"GE","name":"Georgia","groups":[{"code":"abk","name":"Abkhaz","size":101000},{"code":"azj","name":"Azerbaijani, North","size":360000},{"code":"bbl","name":"Bats","size":3420},{"code":"kat","name":"Georgian","size":3900000},{"code":"kmr","name":"Kurdish, Northern","size":40000},{"code":"xmf","name":"Mingrelian","size":500000},{"code":"oss","name":"Osetin","size":100000},{"code":"sva","name":"Svan","size":15000}],"dist":[[0,101.31,101,99.04,101.75,98.37,100.34,97.55],[101.31,0,100.11,93.83,97.89,95.58,95.26,99.3],[101,100.11,0,99.53,98.01,101.58,101.9,100.1],[99.04,93.83,99.53,0,98.4,78,100.64,93.15],[101.75,97.89,98.01,98.4,0,97.55,86.68,96.2],[98.37,95.58,101.58,78,97.55,0,98.77,90.4],[100.34,95.26,101.9,100.64,86.68,98.77,0,99.78],[97.55,99.3,100.1,93.15,96.2,90.4,99.78,0]]},{"code":"GF","name":"Guyane francaise","groups":[{"code":"djk","name":"Aukan","size":6590},{"code":"car","name":"Carib","size":1200},{"code":"hak","name":"Chinese, Hakka","size":5000},{"code":"gcr","name":"Guianese Creole French","size":50000},{"code":"plu","name":"Palikur","size":500},{"code":"srm","name":"Saramaccan","size":3000},{"code":"oym","name":"Wayampi","size":650},{"code":"way","name":"Wayana","size":200}],"dist":[[0,98.18,102.28,95.01,100.8,22.18,97.29,101.59],[98.18,0,98.46,99.44,98.14,97.11,95.21,63.69],[102.28,98.46,0,101.04,96.39,103.44,101.32,100.06],[95.01,99.44,101.04,0,98.71,94.45,102.23,101.98],[100.8,98.14,96.39,98.71,0,99.33,96.16,98.29],[22.18,97.11,103.44,94.45,99.33,0,96.77,99.22],[97.29,95.21,101.32,102.23,96.16,96.77,0,95.14],[101.59,63.69,100.06,101.98,98.29,99.22,95.14,0]]},{"code":"GH","name":"Ghana","groups":[{"code":"aka","name":"Akan","size":8300000},{"code":"dga","name":"Dagaare, Southern","size":700000},{"code":"dag","name":"Dagbani","size":800000},{"code":"ada","name":"Dangme","size":800000},{"code":"ewe","name":"Ewe","size":2250000},{"code":"gur","name":"Farefare","size":820000},{"code":"gaa","name":"Ga","size":600000},{"code":"xon","name":"Konkomba","size":500000}],"dist":[[0,93.87,97.07,94.2,93.67,96.19,97.45,95.24],[93.87,0,57.49,99.56,96.53,61.92,94.74,87.8],[97.07,57